DAYS:2026-08-13,2026-08-14,2026-08-15,2026-08-16,2026-08-17,2026-08-18,2026-08-19,2026-08-20,2026-08-21,2026-08-22,2026-08-23,2026-08-24,2026-08-25,2026-08-26,2026-08-27,2026-08-28,2026-08-29,2026-08-30,2026-08-31,2026-09-01,2026-09-02
Fountain Good Food Ltd~chicken:4,4,4,5,4,5,4,4,5,4,5,4,5,5,4,4,4,5,4,5,5
Fountain Good Food Ltd~pork:6,6,6,6,6,6,6,6,6,6,7,6,6,7,6,6,6,7,6,7,7
M1TOO Ltd~chicken:4,4,4,4,5,5,5,4,4,4,4,5,4,4,4,4,5,4,5,4,4
M1TOO Ltd~pork:6,6,6,6,7,7,7,6,6,6,6,7,6,6,6,6,7,6,6,6,6
Maki Aberdeen Ltd~chicken:4.1,4.1,4.1,4.7,4.3,6,5.4,4.5,4.6,5.2,4.5,6,,5.2,5.4,4.3,4,4.5,4.5,4.5,5.3
Maki Aberdeen Ltd~pork:6.4,6.3,6.3,6.2,6.2,7,6.2,6.2,6.1,7.1,6.1,8,,6.1,7.3,7.1,7.1,7.3,7,7,7.4
Maki Bath St~chicken:4,5,5,5,5,6,5,6,5,5,5,4,5,5,5,5,5,5,5,5,6
Maki Bath St~pork:6,6,7,7,7,7,7,7,7,7,7,7,7,7,7,7,7,7,7,7,6
Maki Birmingham Ltd~chicken:5,5,5.1,5,4,,4,4,5,5,5,4,4.5,4,6,5,5,5,5,4.5,5.5
Maki Birmingham Ltd~pork:6,6,6.3,6,6,,6,6,6.5,6,7,6,6.5,6,7,6.5,7,6.5,6,6,6.5
Maki Lakeside~chicken:5,5,5,5,5,6,5,5,5,5,5,5,4,5.9,5.35,5.9,5.9,5,5,5.7,5
Maki Lakeside~pork:7,8,7,7,7,7,7,7,7,7,7,7,7,7.2,6.8,6.9,6.8,7,7,7.1,6
Maki Leeds Ltd~chicken:4.7,5,5,5,6,5,5,5,5,5,5,5,6,6,5,4.5,6,4.5,4.5,4,5.25
Maki Leeds Ltd~pork:6.7,7,6,6,6,7,6.3,6,6,6,7,7,6,6,7,6.5,7,6.5,6.6,7,6.5
Maki Leicester Ltd~chicken:5,5,5,5,5,5,5,4,5,5,6,5,5,6,5,5,5,6,5,5,5
Maki Leicester Ltd~pork:7,7,7,7,7,6,6,7,7,6,6,6,7,8,7,7,7,8,7,7,7
Maki METRO~chicken:5,5,5,5,5,5,5,5,4,5,5,5,5,5,5,5,5,5,5,4,4
Maki METRO~pork:6,7,6,6,6,7,6,6,6,6,6,6,6,7,6,6,6,6,7,6,7
Maki Manchester LTD~chicken:5,4.5,5,4.6,4.7,4.7,4.7,4.8,4.7,4.8,4.8,4.6,4.8,5,4.8,5.45,5,4.8,4.9,5,5.5
Maki Manchester LTD~pork:6,6.1,7,6.1,6.1,6,6.1,6.1,6,6.1,6.1,6,6.2,6,6.7,7.2,7,6.7,6.8,6.9,6.9
Maki Meadowhall~chicken:4,4,4,4,4,4,3,4,4,4,4,4,4,5,4,5,4,4.5,4.5,4.5,4.5
Maki Meadowhall~pork:6,6,6,6,6,4.9,4.9,5.1,6,6,6,6,6,5.5,7,6.5,6.3,4,5,6,7
Maki Newcastle Ltd~chicken:6,5,5,5,5,5,6,5,6,5,6,6,6,6,6,6,5,5,5,6,6
Maki Newcastle Ltd~pork:6,6,6,6,6,6,7,7,8,6,7,6,7,7,8,7,7,7,7,7,8
Maki Nottingham Ltd~chicken:6,6,6,6,6,6,6,6,6,6,6,6,6,6,6,5,6,5,6,6,5
Maki Nottingham Ltd~pork:8,8,8,8,8,8,8,8,8,8,6,8,8,8,8,7,8,7,8,8,7
Maki O2 Arena~chicken:4,6,4,4,5,5,5,5,5,5,5,5,5,5,5,4,6,6,6,5,5
Maki O2 Arena~pork:6,6,6,6,7,7,6,6,6,6,7,6,6,7,7,7,7,8,8,6,7
Maki Property Ltd~chicken:5.3,5.1,5.4,5.6,5.3,5.7,5.6,5.6,5.4,5.7,5.4,5.7,5.3,5.2,5.3,5.1,5.1,5.2,5.7,5.1,5.2
Maki SJQ Ltd~chicken:5,4,6,5,6,6,5,5,5,6,5,6,6,5,5,5,5,5,5,5,6
Maki SJQ Ltd~pork:7,6,7,7,6,7,7,7,7,7,7,7,7,7,7,7,7,7,7,7,7
Maki Shoreditch~chicken:5,5,5,4,4.2,5,5,5,5,4.9,5,5,5,5.3,5,5.9,6,5,6,5,5.9
Maki Shoreditch~pork:7,7,7,6,6.5,7,7,6,7,6.5,7,7,6,6.1,6,7,6.9,6,7,6,6.5
Maki Soho~chicken:5,5,5,5,5,5,5,5,5,5,5,5,5,4.5,5,6,6,6,6,5.5,4
Maki Soho~pork:6,6,6,6,6,6,6,6,6,6,6,6,6,6.5,7,8,7.5,8,8,6.5,6
Maki Southampton~chicken:4,5,6,4,5,5,5,6,5,5,5,5,5,6,5,6,6,5,5,5.5,5.5
Maki Southampton~pork:6,6,7,6,7,7,7,7,7,6,7,7,7,7,7,7,7,7,7,6.5,6.5
Renfield Good Food Ltd~chicken:6,5,6,5,6,6,6,5,5,5,6,5,6,6,6,6,6,6,5,5,6
Renfield Good Food Ltd~pork:6,6,6,6,6,6,6,6,6,7,6,6,6,6,6,6,6,6,7,7,6
DEV:
Maki Aberdeen Ltd|chicken|2026-08-25|MISS|closed
Maki Aberdeen Ltd|pork|2026-08-25|MISS|closed
Maki Birmingham Ltd|chicken|2026-08-18|MISS|closed
Maki Birmingham Ltd|pork|2026-08-18|MISS|closed
Maki Meadowhall|chicken|2026-08-19|3|closed
Maki Meadowhall|pork|2026-08-18|4.9|closed
Maki Meadowhall|pork|2026-08-19|4.9|closed
Maki Meadowhall|pork|2026-08-20|5.1|closed
Maki Meadowhall|pork|2026-08-26|5.5|closed
